0
0
0
0
0
7
BHK-0
1625798138
9
7
2021
1
1625798245
9
7
2021
BHK-1
1625798141
9
7
2021
1
1625798381
9
7
2021
BHK-0
1625798258
9
7
2021
1
1625798378
9
7
2021
BHK-0
1625798397
9
7
2021
1
1625801498
9
7
2021
BHK-1
1625798401
9
7
2021
0
AHXD-2
1625798405
9
7
2021
1
1625801510
9
7
2021
AHXD-2
1625878966
10
7
2021
0
0
0
0
0
3
AHXD-0
1624091103
26
6
2021
1
1625303901
3
7
2021
TSQ-0
1624695906
26
6
2021
1
1625303905
3
7
2021
DRM-1
1624695915
26
6
2021
0
2
TDK-0
1625237438
2
7
2021
1
1625880912
10
7
2021
TSQ-3
1625237459
2
7
2021
0
0
